0x0000  00 00 E7 03 00 00 E7 03 00 00 E7 03 00 00 E7 03
0x0010  00 00 E7 03 00 00 E7 03 00 00 E7 03 00 00 E7 03
0x0020  00 00 CD 03 00 00 CD 03 00 00 DD 03 00 00 FF 00
0x0030  00 00 FF 00 00 00 FF 00 00 00 FF 00 00 00 FF 00
0x0040  00 00 FF 00 00 00 FF 00 00 00 FF 00 00 00 FF 00
0x0050  00 00 A9 03 00 00 A9 03 00 00 E0 03 00 00 E0 03
0x0060  00 00 E0 03 00 00 E0 03 00 00 E0 03 00 00 E0 03
0x0070  00 00 E0 03 00 00 E0 03 00 00 E0 03 00 00 C9 03
0x0080  00 00 CC 03 00 00 CB 03 00 00 CA 03 00 00 B2 03
0x0090  00 00 B1 03 00 00 D9 03 00 00 A1 03 00 00 A1 03
0x00A0  00 00 A1 03 00 00 DF 03 00 00 DF 03 00 00 B6 03
0x00B0  00 00 B6 03 00 00 E6 03 00 00 E6 03 00 00 E6 03
0x00C0  00 00 E6 03 00 00 E4 03 00 00 E4 03 00 00 E4 03
0x00D0  00 00 B5 03 00 00 B5 03 00 00 E1 03 00 00 B0 03
0x00E0  00 00 D5 03 00 00 D5 03 00 00 DE 03 00 00 DE 03
0x00F0  00 00 DE 03 00 00 A8 03 00 00 A8 03 00 00 E3 03
0x0100  00 00 E3 03 00 00 E2 03 00 00 E2 03 00 00 E2 03
0x0110  00 00 E2 03 00 00 E2 03 00 00 DC 03 00 00 DB 03
0x0120  00 00 DA 03 00 00 D7 03 00 00 D7 03 00 00 D4 03
0x0130  00 00 D3 03 00 00 D2 03 00 00 D2 03 00 00 D1 03
0x0140  00 00 D1 03 00 00 C8 03 00 00 D0 03 00 00 C7 03
0x0150  00 00 C4 03 00 00 C3 03 00 00 C1 03 00 00 C0 03
0x0160  00 00 BF 03 00 00 BC 03 00 00 BB 03 00 00 B9 03
0x0170  00 00 B7 03 00 00 AE 03 00 00 AD 03 00 00 AB 03
0x0180  00 00 AA 03 00 00 AF 03 00 00 AF 03 00 00 AF 03
0x0190  00 00 AF 03 00 00 B4 03 00 00 B4 03 00 00 A6 03
0x01A0  00 00 A6 03 00 00 A6 03 00 00 A5 03 00 00 A2 03
0x01B0  00 00 A2 03 00 00 9F 03 00 00 A0 03 00 00 A0 03
0x01C0  00 00 7C 03 00 00 7B 03 00 00 7A 03 00 00 2D 03
0x01D0  00 00 2D 03 00 00 2D 03 00 00 2D 03 00 00 0E 00
0x01E0  00 00 EA 01 00 00 EA 01 00 00 0C 00 00 00 1D 02
0x01F0  00 00 7D 00 00 00 20 03 00 00 7D 03 00 00 5A 03
0x0200  00 00 5A 03 00 00 5A 03 00 00 5A 03 00 00 5A 03
0x0210  00 00 0B 00 00 00 0B 00 00 00 0B 00 00 00 2C 03
0x0220  00 00 52 03 00 00 71 02 00 00 54 03 00 00 D0 02
0x0230  00 00 34 02 00 00 37 01 00 00 59 03 00 00 59 03
0x0240  00 00 58 03 00 00 58 03 00 00 94 02 00 00 9E 02
0x0250  00 00 5C 03 00 00 5C 03 00 00 5C 03 00 00 5C 03
0x0260  00 00 27 03 00 00 8C 00 00 00 53 03 00 00 53 03
0x0270  00 00 53 03 00 00 53 03 00 00 5F 00 00 00 90 01
0x0280  00 00 90 01 00 00 1C 02 00 00 59 02